Grading at Wed Sep  2 08:49:19 UTC 2020
Attempting to compile retirement.c
Checking for struct _retire_info
Found on line 6, column 1 
Checking for field int months
Found on line 8, column 3 
Checking for field double contribution
Found on line 9, column 3 
Checking for field double rate_of_return
Found on line 10, column 3 
Checking for typedef of struct _retire_info to retire_info
Found on line 13, column 1 
Checking for void retirement (int startAge, double initial,  retire_info working,  retire_info retired)
Found on line 33, column 1 
Checking for int main(void)
Found on line 51, column 1 
Trying to run retirement calculator..
Your file matched the expected output
Removing your main() and replacing it with our own to run more tests...
                |         Working              |        Retired         
 Age | Initial  | Saving  |   Rate    | Months | Spending |   Rate    | Months | Result
 240 |     0.00 | 1234.00 | 0.0026700 |   597  | -3567.00 | 0.0006800 |   222  | Correct
 240 |     0.00 | 1234.00 | 0.0026700 |   597  | -3567.00 | 0.0006800 |   408  | Correct
 240 |     0.00 | 1234.00 | 0.0026700 |   597  | -3567.00 | 0.0045000 |   225  | Correct
 240 |     0.00 | 1234.00 | 0.0026700 |   597  | -3567.00 | 0.0045000 |   375  | Correct
 240 |     0.00 | 1234.00 | 0.0026700 |   597  | -6534.00 | 0.0004400 |   206  | Correct
 240 |     0.00 | 1234.00 | 0.0026700 |   597  | -6534.00 | 0.0004400 |   386  | Correct
 240 |     0.00 | 1234.00 | 0.0026700 |   597  | -6534.00 | 0.0048200 |   231  | Correct
 240 |     0.00 | 1234.00 | 0.0026700 |   597  | -6534.00 | 0.0048200 |   393  | Correct
 240 |     0.00 | 1234.00 | 0.0026700 |   587  | -3567.00 | 0.0006800 |   232  | Correct
 240 |     0.00 | 1234.00 | 0.0026700 |   587  | -3567.00 | 0.0006800 |   374  | Correct
 240 |     0.00 | 1234.00 | 0.0026700 |   587  | -3567.00 | 0.0044800 |   223  | Correct
 240 |     0.00 | 1234.00 | 0.0026700 |   587  | -3567.00 | 0.0044800 |   401  | Correct
 240 |     0.00 | 1234.00 | 0.0026700 |   587  | -6534.00 | 0.0002800 |   213  | Correct
 240 |     0.00 | 1234.00 | 0.0026700 |   587  | -6534.00 | 0.0002800 |   381  | Correct
 240 |     0.00 | 1234.00 | 0.0026700 |   587  | -6534.00 | 0.0040100 |   230  | Correct
 240 |     0.00 | 1234.00 | 0.0026700 |   587  | -6534.00 | 0.0040100 |   381  | Correct
 240 |     0.00 | 1234.00 | 0.0056700 |   597  | -3567.00 | 0.0008200 |   219  | Correct
 240 |     0.00 | 1234.00 | 0.0056700 |   597  | -3567.00 | 0.0008200 |   404  | Correct
 240 |     0.00 | 1234.00 | 0.0056700 |   597  | -3567.00 | 0.0041100 |   220  | Correct
 240 |     0.00 | 1234.00 | 0.0056700 |   597  | -3567.00 | 0.0041100 |   381  | Correct
 240 |     0.00 | 1234.00 | 0.0056700 |   597  | -6534.00 | 0.0006900 |   232  | Correct
 240 |     0.00 | 1234.00 | 0.0056700 |   597  | -6534.00 | 0.0006900 |   395  | Correct
 240 |     0.00 | 1234.00 | 0.0056700 |   597  | -6534.00 | 0.0042600 |   230  | Correct
 240 |     0.00 | 1234.00 | 0.0056700 |   597  | -6534.00 | 0.0042600 |   376  | Correct
 240 |     0.00 | 1234.00 | 0.0056700 |   595  | -3567.00 | 0.0007000 |   227  | Correct
 240 |     0.00 | 1234.00 | 0.0056700 |   595  | -3567.00 | 0.0007000 |   390  | Correct
 240 |     0.00 | 1234.00 | 0.0056700 |   595  | -3567.00 | 0.0041900 |   229  | Correct
 240 |     0.00 | 1234.00 | 0.0056700 |   595  | -3567.00 | 0.0041900 |   379  | Correct
 240 |     0.00 | 1234.00 | 0.0056700 |   595  | -6534.00 | 0.0008500 |   211  | Correct
 240 |     0.00 | 1234.00 | 0.0056700 |   595  | -6534.00 | 0.0008500 |   406  | Correct
 240 |     0.00 | 1234.00 | 0.0056700 |   595  | -6534.00 | 0.0044100 |   210  | Correct
 240 |     0.00 | 1234.00 | 0.0056700 |   595  | -6534.00 | 0.0044100 |   399  | Correct
 240 |     0.00 | 3840.00 | 0.0026700 |   597  | -3567.00 | 0.0006900 |   222  | Correct
 240 |     0.00 | 3840.00 | 0.0026700 |   597  | -3567.00 | 0.0006900 |   409  | Correct
 240 |     0.00 | 3840.00 | 0.0026700 |   597  | -3567.00 | 0.0047200 |   227  | Correct
 240 |     0.00 | 3840.00 | 0.0026700 |   597  | -3567.00 | 0.0047200 |   399  | Correct
 240 |     0.00 | 3840.00 | 0.0026700 |   597  | -6534.00 | 0.0006700 |   206  | Correct
 240 |     0.00 | 3840.00 | 0.0026700 |   597  | -6534.00 | 0.0006700 |   391  | Correct
 240 |     0.00 | 3840.00 | 0.0026700 |   597  | -6534.00 | 0.0043500 |   226  | Correct
 240 |     0.00 | 3840.00 | 0.0026700 |   597  | -6534.00 | 0.0043500 |   404  | Correct
 240 |     0.00 | 3840.00 | 0.0026700 |   609  | -3567.00 | 0.0009900 |   226  | Correct
 240 |     0.00 | 3840.00 | 0.0026700 |   609  | -3567.00 | 0.0009900 |   397  | Correct
 240 |     0.00 | 3840.00 | 0.0026700 |   609  | -3567.00 | 0.0042000 |   211  | Correct
 240 |     0.00 | 3840.00 | 0.0026700 |   609  | -3567.00 | 0.0042000 |   371  | Correct
 240 |     0.00 | 3840.00 | 0.0026700 |   609  | -6534.00 | 0.0000900 |   232  | Correct
 240 |     0.00 | 3840.00 | 0.0026700 |   609  | -6534.00 | 0.0000900 |   400  | Correct
 240 |     0.00 | 3840.00 | 0.0026700 |   609  | -6534.00 | 0.0048600 |   225  | Correct
 240 |     0.00 | 3840.00 | 0.0026700 |   609  | -6534.00 | 0.0048600 |   374  | Correct
 240 |     0.00 | 3840.00 | 0.0056700 |   597  | -3567.00 | 0.0006600 |   229  | Correct
 240 |     0.00 | 3840.00 | 0.0056700 |   597  | -3567.00 | 0.0006600 |   377  | Correct
 240 |     0.00 | 3840.00 | 0.0056700 |   597  | -3567.00 | 0.0041800 |   223  | Correct
 240 |     0.00 | 3840.00 | 0.0056700 |   597  | -3567.00 | 0.0041800 |   387  | Correct
 240 |     0.00 | 3840.00 | 0.0056700 |   597  | -6534.00 | 0.0008200 |   213  | Correct
 240 |     0.00 | 3840.00 | 0.0056700 |   597  | -6534.00 | 0.0008200 |   376  | Correct
 240 |     0.00 | 3840.00 | 0.0056700 |   597  | -6534.00 | 0.0041700 |   231  | Correct
 240 |     0.00 | 3840.00 | 0.0056700 |   597  | -6534.00 | 0.0041700 |   376  | Correct
 240 |     0.00 | 3840.00 | 0.0056700 |   614  | -3567.00 | 0.0007800 |   216  | Correct
 240 |     0.00 | 3840.00 | 0.0056700 |   614  | -3567.00 | 0.0007800 |   378  | Correct
 240 |     0.00 | 3840.00 | 0.0056700 |   614  | -3567.00 | 0.0041000 |   227  | Correct
 240 |     0.00 | 3840.00 | 0.0056700 |   614  | -3567.00 | 0.0041000 |   401  | Correct
 240 |     0.00 | 3840.00 | 0.0056700 |   614  | -6534.00 | 0.0000800 |   221  | Correct
 240 |     0.00 | 3840.00 | 0.0056700 |   614  | -6534.00 | 0.0000800 |   392  | Correct
 240 |     0.00 | 3840.00 | 0.0056700 |   614  | -6534.00 | 0.0043800 |   215  | Correct
 240 |     0.00 | 3840.00 | 0.0056700 |   614  | -6534.00 | 0.0043800 |   374  | Correct
 240 |  7144.02 | 1234.00 | 0.0026700 |   597  | -3567.00 | 0.0004700 |   204  | Correct
 240 |  7144.02 | 1234.00 | 0.0026700 |   597  | -3567.00 | 0.0004700 |   378  | Correct
 240 |  7144.02 | 1234.00 | 0.0026700 |   597  | -3567.00 | 0.0048500 |   226  | Correct
 240 |  7144.02 | 1234.00 | 0.0026700 |   597  | -3567.00 | 0.0048500 |   372  | Correct
 240 |  7144.02 | 1234.00 | 0.0026700 |   597  | -6534.00 | 0.0001600 |   216  | Correct
 240 |  7144.02 | 1234.00 | 0.0026700 |   597  | -6534.00 | 0.0001600 |   395  | Correct
 240 |  7144.02 | 1234.00 | 0.0026700 |   597  | -6534.00 | 0.0049500 |   215  | Correct
 240 |  7144.02 | 1234.00 | 0.0026700 |   597  | -6534.00 | 0.0049500 |   390  | Correct
 240 |  7144.02 | 1234.00 | 0.0026700 |   602  | -3567.00 | 0.0008300 |   224  | Correct
 240 |  7144.02 | 1234.00 | 0.0026700 |   602  | -3567.00 | 0.0008300 |   385  | Correct
 240 |  7144.02 | 1234.00 | 0.0026700 |   602  | -3567.00 | 0.0042000 |   228  | Correct
 240 |  7144.02 | 1234.00 | 0.0026700 |   602  | -3567.00 | 0.0042000 |   405  | Correct
 240 |  7144.02 | 1234.00 | 0.0026700 |   602  | -6534.00 | 0.0009400 |   220  | Correct
 240 |  7144.02 | 1234.00 | 0.0026700 |   602  | -6534.00 | 0.0009400 |   379  | Correct
 240 |  7144.02 | 1234.00 | 0.0026700 |   602  | -6534.00 | 0.0042900 |   211  | Correct
 240 |  7144.02 | 1234.00 | 0.0026700 |   602  | -6534.00 | 0.0042900 |   388  | Correct
 240 |  7144.02 | 1234.00 | 0.0056700 |   597  | -3567.00 | 0.0007200 |   213  | Correct
 240 |  7144.02 | 1234.00 | 0.0056700 |   597  | -3567.00 | 0.0007200 |   389  | Correct
 240 |  7144.02 | 1234.00 | 0.0056700 |   597  | -3567.00 | 0.0049700 |   218  | Correct
 240 |  7144.02 | 1234.00 | 0.0056700 |   597  | -3567.00 | 0.0049700 |   395  | Correct
 240 |  7144.02 | 1234.00 | 0.0056700 |   597  | -6534.00 | 0.0004600 |   218  | Correct
 240 |  7144.02 | 1234.00 | 0.0056700 |   597  | -6534.00 | 0.0004600 |   383  | Correct
 240 |  7144.02 | 1234.00 | 0.0056700 |   597  | -6534.00 | 0.0042700 |   205  | Correct
 240 |  7144.02 | 1234.00 | 0.0056700 |   597  | -6534.00 | 0.0042700 |   392  | Correct
 240 |  7144.02 | 1234.00 | 0.0056700 |   594  | -3567.00 | 0.0009700 |   220  | Correct
 240 |  7144.02 | 1234.00 | 0.0056700 |   594  | -3567.00 | 0.0009700 |   404  | Correct
 240 |  7144.02 | 1234.00 | 0.0056700 |   594  | -3567.00 | 0.0049900 |   211  | Correct
 240 |  7144.02 | 1234.00 | 0.0056700 |   594  | -3567.00 | 0.0049900 |   386  | Correct
 240 |  7144.02 | 1234.00 | 0.0056700 |   594  | -6534.00 | 0.0007200 |   228  | Correct
 240 |  7144.02 | 1234.00 | 0.0056700 |   594  | -6534.00 | 0.0007200 |   382  | Correct
 240 |  7144.02 | 1234.00 | 0.0056700 |   594  | -6534.00 | 0.0043600 |   232  | Correct
 240 |  7144.02 | 1234.00 | 0.0056700 |   594  | -6534.00 | 0.0043600 |   394  | Correct
 240 |  7144.02 | 2822.00 | 0.0026700 |   597  | -3567.00 | 0.0006500 |   219  | Correct
 240 |  7144.02 | 2822.00 | 0.0026700 |   597  | -3567.00 | 0.0006500 |   409  | Correct
 240 |  7144.02 | 2822.00 | 0.0026700 |   597  | -3567.00 | 0.0045700 |   215  | Correct
 240 |  7144.02 | 2822.00 | 0.0026700 |   597  | -3567.00 | 0.0045700 |   377  | Correct
 240 |  7144.02 | 2822.00 | 0.0026700 |   597  | -6534.00 | 0.0000700 |   231  | Correct
 240 |  7144.02 | 2822.00 | 0.0026700 |   597  | -6534.00 | 0.0000700 |   392  | Correct
 240 |  7144.02 | 2822.00 | 0.0026700 |   597  | -6534.00 | 0.0048000 |   225  | Correct
 240 |  7144.02 | 2822.00 | 0.0026700 |   597  | -6534.00 | 0.0048000 |   376  | Correct
 240 |  7144.02 | 2822.00 | 0.0026700 |   587  | -3567.00 | 0.0005100 |   209  | Correct
 240 |  7144.02 | 2822.00 | 0.0026700 |   587  | -3567.00 | 0.0005100 |   391  | Correct
 240 |  7144.02 | 2822.00 | 0.0026700 |   587  | -3567.00 | 0.0047200 |   216  | Correct
 240 |  7144.02 | 2822.00 | 0.0026700 |   587  | -3567.00 | 0.0047200 |   372  | Correct
 240 |  7144.02 | 2822.00 | 0.0026700 |   587  | -6534.00 | 0.0007400 |   230  | Correct
 240 |  7144.02 | 2822.00 | 0.0026700 |   587  | -6534.00 | 0.0007400 |   404  | Correct
 240 |  7144.02 | 2822.00 | 0.0026700 |   587  | -6534.00 | 0.0044900 |   233  | Correct
 240 |  7144.02 | 2822.00 | 0.0026700 |   587  | -6534.00 | 0.0044900 |   396  | Correct
 240 |  7144.02 | 2822.00 | 0.0056700 |   597  | -3567.00 | 0.0003900 |   209  | Correct
 240 |  7144.02 | 2822.00 | 0.0056700 |   597  | -3567.00 | 0.0003900 |   390  | Correct
 240 |  7144.02 | 2822.00 | 0.0056700 |   597  | -3567.00 | 0.0043100 |   216  | Correct
 240 |  7144.02 | 2822.00 | 0.0056700 |   597  | -3567.00 | 0.0043100 |   377  | Correct
 240 |  7144.02 | 2822.00 | 0.0056700 |   597  | -6534.00 | 0.0004200 |   205  | Correct
 240 |  7144.02 | 2822.00 | 0.0056700 |   597  | -6534.00 | 0.0004200 |   384  | Correct
 240 |  7144.02 | 2822.00 | 0.0056700 |   597  | -6534.00 | 0.0049400 |   231  | Correct
 240 |  7144.02 | 2822.00 | 0.0056700 |   597  | -6534.00 | 0.0049400 |   403  | Correct
 240 |  7144.02 | 2822.00 | 0.0056700 |   592  | -3567.00 | 0.0005400 |   215  | Correct
 240 |  7144.02 | 2822.00 | 0.0056700 |   592  | -3567.00 | 0.0005400 |   401  | Correct
 240 |  7144.02 | 2822.00 | 0.0056700 |   592  | -3567.00 | 0.0047300 |   207  | Correct
 240 |  7144.02 | 2822.00 | 0.0056700 |   592  | -3567.00 | 0.0047300 |   397  | Correct
 240 |  7144.02 | 2822.00 | 0.0056700 |   592  | -6534.00 | 0.0008900 |   210  | Correct
 240 |  7144.02 | 2822.00 | 0.0056700 |   592  | -6534.00 | 0.0008900 |   379  | Correct
 240 |  7144.02 | 2822.00 | 0.0056700 |   592  | -6534.00 | 0.0046800 |   222  | Correct
 240 |  7144.02 | 2822.00 | 0.0056700 |   592  | -6534.00 | 0.0046800 |   404  | Correct
 345 |     0.00 | 1234.00 | 0.0026700 |   597  | -3567.00 | 0.0004600 |   227  | Correct
 345 |     0.00 | 1234.00 | 0.0026700 |   597  | -3567.00 | 0.0004600 |   400  | Correct
 345 |     0.00 | 1234.00 | 0.0026700 |   597  | -3567.00 | 0.0043000 |   223  | Correct
 345 |     0.00 | 1234.00 | 0.0026700 |   597  | -3567.00 | 0.0043000 |   398  | Correct
 345 |     0.00 | 1234.00 | 0.0026700 |   597  | -6534.00 | 0.0000900 |   232  | Correct
 345 |     0.00 | 1234.00 | 0.0026700 |   597  | -6534.00 | 0.0000900 |   375  | Correct
 345 |     0.00 | 1234.00 | 0.0026700 |   597  | -6534.00 | 0.0044700 |   213  | Correct
 345 |     0.00 | 1234.00 | 0.0026700 |   597  | -6534.00 | 0.0044700 |   397  | Correct
 345 |     0.00 | 1234.00 | 0.0026700 |   588  | -3567.00 | 0.0007700 |   229  | Correct
 345 |     0.00 | 1234.00 | 0.0026700 |   588  | -3567.00 | 0.0007700 |   381  | Correct
 345 |     0.00 | 1234.00 | 0.0026700 |   588  | -3567.00 | 0.0041400 |   213  | Correct
 345 |     0.00 | 1234.00 | 0.0026700 |   588  | -3567.00 | 0.0041400 |   404  | Correct
 345 |     0.00 | 1234.00 | 0.0026700 |   588  | -6534.00 | 0.0009000 |   227  | Correct
 345 |     0.00 | 1234.00 | 0.0026700 |   588  | -6534.00 | 0.0009000 |   384  | Correct
 345 |     0.00 | 1234.00 | 0.0026700 |   588  | -6534.00 | 0.0042700 |   206  | Correct
 345 |     0.00 | 1234.00 | 0.0026700 |   588  | -6534.00 | 0.0042700 |   392  | Correct
 345 |     0.00 | 1234.00 | 0.0056700 |   597  | -3567.00 | 0.0009400 |   218  | Correct
 345 |     0.00 | 1234.00 | 0.0056700 |   597  | -3567.00 | 0.0009400 |   378  | Correct
 345 |     0.00 | 1234.00 | 0.0056700 |   597  | -3567.00 | 0.0047100 |   209  | Correct
 345 |     0.00 | 1234.00 | 0.0056700 |   597  | -3567.00 | 0.0047100 |   376  | Correct
 345 |     0.00 | 1234.00 | 0.0056700 |   597  | -6534.00 | 0.0006900 |   209  | Correct
 345 |     0.00 | 1234.00 | 0.0056700 |   597  | -6534.00 | 0.0006900 |   379  | Correct
 345 |     0.00 | 1234.00 | 0.0056700 |   597  | -6534.00 | 0.0049200 |   218  | Correct
 345 |     0.00 | 1234.00 | 0.0056700 |   597  | -6534.00 | 0.0049200 |   407  | Correct
 345 |     0.00 | 1234.00 | 0.0056700 |   595  | -3567.00 | 0.0006300 |   213  | Correct
 345 |     0.00 | 1234.00 | 0.0056700 |   595  | -3567.00 | 0.0006300 |   375  | Correct
 345 |     0.00 | 1234.00 | 0.0056700 |   595  | -3567.00 | 0.0041300 |   222  | Correct
 345 |     0.00 | 1234.00 | 0.0056700 |   595  | -3567.00 | 0.0041300 |   392  | Correct
 345 |     0.00 | 1234.00 | 0.0056700 |   595  | -6534.00 | 0.0006700 |   233  | Correct
 345 |     0.00 | 1234.00 | 0.0056700 |   595  | -6534.00 | 0.0006700 |   397  | Correct
 345 |     0.00 | 1234.00 | 0.0056700 |   595  | -6534.00 | 0.0046100 |   214  | Correct
 345 |     0.00 | 1234.00 | 0.0056700 |   595  | -6534.00 | 0.0046100 |   378  | Correct
 345 |     0.00 | 2756.00 | 0.0026700 |   597  | -3567.00 | 0.0001000 |   213  | Correct
 345 |     0.00 | 2756.00 | 0.0026700 |   597  | -3567.00 | 0.0001000 |   379  | Correct
 345 |     0.00 | 2756.00 | 0.0026700 |   597  | -3567.00 | 0.0040200 |   214  | Correct
 345 |     0.00 | 2756.00 | 0.0026700 |   597  | -3567.00 | 0.0040200 |   394  | Correct
 345 |     0.00 | 2756.00 | 0.0026700 |   597  | -6534.00 | 0.0002000 |   223  | Correct
 345 |     0.00 | 2756.00 | 0.0026700 |   597  | -6534.00 | 0.0002000 |   399  | Correct
 345 |     0.00 | 2756.00 | 0.0026700 |   597  | -6534.00 | 0.0044200 |   230  | Correct
 345 |     0.00 | 2756.00 | 0.0026700 |   597  | -6534.00 | 0.0044200 |   382  | Correct
 345 |     0.00 | 2756.00 | 0.0026700 |   594  | -3567.00 | 0.0009800 |   218  | Correct
 345 |     0.00 | 2756.00 | 0.0026700 |   594  | -3567.00 | 0.0009800 |   372  | Correct
 345 |     0.00 | 2756.00 | 0.0026700 |   594  | -3567.00 | 0.0046900 |   205  | Correct
 345 |     0.00 | 2756.00 | 0.0026700 |   594  | -3567.00 | 0.0046900 |   407  | Correct
 345 |     0.00 | 2756.00 | 0.0026700 |   594  | -6534.00 | 0.0001100 |   228  | Correct
 345 |     0.00 | 2756.00 | 0.0026700 |   594  | -6534.00 | 0.0001100 |   400  | Correct
 345 |     0.00 | 2756.00 | 0.0026700 |   594  | -6534.00 | 0.0045700 |   231  | Correct
 345 |     0.00 | 2756.00 | 0.0026700 |   594  | -6534.00 | 0.0045700 |   388  | Correct
 345 |     0.00 | 2756.00 | 0.0056700 |   597  | -3567.00 | 0.0006900 |   209  | Correct
 345 |     0.00 | 2756.00 | 0.0056700 |   597  | -3567.00 | 0.0006900 |   386  | Correct
 345 |     0.00 | 2756.00 | 0.0056700 |   597  | -3567.00 | 0.0042000 |   214  | Correct
 345 |     0.00 | 2756.00 | 0.0056700 |   597  | -3567.00 | 0.0042000 |   382  | Correct
 345 |     0.00 | 2756.00 | 0.0056700 |   597  | -6534.00 | 0.0002300 |   233  | Correct
 345 |     0.00 | 2756.00 | 0.0056700 |   597  | -6534.00 | 0.0002300 |   405  | Correct
 345 |     0.00 | 2756.00 | 0.0056700 |   597  | -6534.00 | 0.0046700 |   228  | Correct
 345 |     0.00 | 2756.00 | 0.0056700 |   597  | -6534.00 | 0.0046700 |   390  | Correct
 345 |     0.00 | 2756.00 | 0.0056700 |   603  | -3567.00 | 0.0001800 |   221  | Correct
 345 |     0.00 | 2756.00 | 0.0056700 |   603  | -3567.00 | 0.0001800 |   409  | Correct
 345 |     0.00 | 2756.00 | 0.0056700 |   603  | -3567.00 | 0.0045200 |   206  | Correct
 345 |     0.00 | 2756.00 | 0.0056700 |   603  | -3567.00 | 0.0045200 |   385  | Correct
 345 |     0.00 | 2756.00 | 0.0056700 |   603  | -6534.00 | 0.0006800 |   208  | Correct
 345 |     0.00 | 2756.00 | 0.0056700 |   603  | -6534.00 | 0.0006800 |   405  | Correct
 345 |     0.00 | 2756.00 | 0.0056700 |   603  | -6534.00 | 0.0048800 |   212  | Correct
 345 |     0.00 | 2756.00 | 0.0056700 |   603  | -6534.00 | 0.0048800 |   396  | Correct
 345 | 11916.42 | 1234.00 | 0.0026700 |   597  | -3567.00 | 0.0003300 |   213  | Correct
 345 | 11916.42 | 1234.00 | 0.0026700 |   597  | -3567.00 | 0.0003300 |   380  | Correct
 345 | 11916.42 | 1234.00 | 0.0026700 |   597  | -3567.00 | 0.0041000 |   219  | Correct
 345 | 11916.42 | 1234.00 | 0.0026700 |   597  | -3567.00 | 0.0041000 |   404  | Correct
 345 | 11916.42 | 1234.00 | 0.0026700 |   597  | -6534.00 | 0.0002100 |   217  | Correct
 345 | 11916.42 | 1234.00 | 0.0026700 |   597  | -6534.00 | 0.0002100 |   398  | Correct
 345 | 11916.42 | 1234.00 | 0.0026700 |   597  | -6534.00 | 0.0043300 |   228  | Correct
 345 | 11916.42 | 1234.00 | 0.0026700 |   597  | -6534.00 | 0.0043300 |   372  | Correct
 345 | 11916.42 | 1234.00 | 0.0026700 |   610  | -3567.00 | 0.0006300 |   225  | Correct
 345 | 11916.42 | 1234.00 | 0.0026700 |   610  | -3567.00 | 0.0006300 |   409  | Correct
 345 | 11916.42 | 1234.00 | 0.0026700 |   610  | -3567.00 | 0.0048600 |   216  | Correct
 345 | 11916.42 | 1234.00 | 0.0026700 |   610  | -3567.00 | 0.0048600 |   399  | Correct
 345 | 11916.42 | 1234.00 | 0.0026700 |   610  | -6534.00 | 0.0009200 |   232  | Correct
 345 | 11916.42 | 1234.00 | 0.0026700 |   610  | -6534.00 | 0.0009200 |   390  | Correct
 345 | 11916.42 | 1234.00 | 0.0026700 |   610  | -6534.00 | 0.0040300 |   214  | Correct
 345 | 11916.42 | 1234.00 | 0.0026700 |   610  | -6534.00 | 0.0040300 |   388  | Correct
 345 | 11916.42 | 1234.00 | 0.0056700 |   597  | -3567.00 | 0.0009600 |   214  | Correct
 345 | 11916.42 | 1234.00 | 0.0056700 |   597  | -3567.00 | 0.0009600 |   398  | Correct
 345 | 11916.42 | 1234.00 | 0.0056700 |   597  | -3567.00 | 0.0040700 |   231  | Correct
 345 | 11916.42 | 1234.00 | 0.0056700 |   597  | -3567.00 | 0.0040700 |   399  | Correct
 345 | 11916.42 | 1234.00 | 0.0056700 |   597  | -6534.00 | 0.0001100 |   214  | Correct
 345 | 11916.42 | 1234.00 | 0.0056700 |   597  | -6534.00 | 0.0001100 |   378  | Correct
 345 | 11916.42 | 1234.00 | 0.0056700 |   597  | -6534.00 | 0.0044100 |   213  | Correct
 345 | 11916.42 | 1234.00 | 0.0056700 |   597  | -6534.00 | 0.0044100 |   381  | Correct
 345 | 11916.42 | 1234.00 | 0.0056700 |   605  | -3567.00 | 0.0006200 |   206  | Correct
 345 | 11916.42 | 1234.00 | 0.0056700 |   605  | -3567.00 | 0.0006200 |   409  | Correct
 345 | 11916.42 | 1234.00 | 0.0056700 |   605  | -3567.00 | 0.0041800 |   226  | Correct
 345 | 11916.42 | 1234.00 | 0.0056700 |   605  | -3567.00 | 0.0041800 |   373  | Correct
 345 | 11916.42 | 1234.00 | 0.0056700 |   605  | -6534.00 | 0.0001500 |   216  | Correct
 345 | 11916.42 | 1234.00 | 0.0056700 |   605  | -6534.00 | 0.0001500 |   405  | Correct
 345 | 11916.42 | 1234.00 | 0.0056700 |   605  | -6534.00 | 0.0047500 |   211  | Correct
 345 | 11916.42 | 1234.00 | 0.0056700 |   605  | -6534.00 | 0.0047500 |   374  | Correct
 345 | 11916.42 | 3791.00 | 0.0026700 |   597  | -3567.00 | 0.0000600 |   227  | Correct
 345 | 11916.42 | 3791.00 | 0.0026700 |   597  | -3567.00 | 0.0000600 |   372  | Correct
 345 | 11916.42 | 3791.00 | 0.0026700 |   597  | -3567.00 | 0.0042700 |   225  | Correct
 345 | 11916.42 | 3791.00 | 0.0026700 |   597  | -3567.00 | 0.0042700 |   391  | Correct
 345 | 11916.42 | 3791.00 | 0.0026700 |   597  | -6534.00 | 0.0005500 |   224  | Correct
 345 | 11916.42 | 3791.00 | 0.0026700 |   597  | -6534.00 | 0.0005500 |   372  | Correct
 345 | 11916.42 | 3791.00 | 0.0026700 |   597  | -6534.00 | 0.0047900 |   207  | Correct
 345 | 11916.42 | 3791.00 | 0.0026700 |   597  | -6534.00 | 0.0047900 |   409  | Correct
 345 | 11916.42 | 3791.00 | 0.0026700 |   585  | -3567.00 | 0.0005000 |   207  | Correct
 345 | 11916.42 | 3791.00 | 0.0026700 |   585  | -3567.00 | 0.0005000 |   387  | Correct
 345 | 11916.42 | 3791.00 | 0.0026700 |   585  | -3567.00 | 0.0045000 |   226  | Correct
 345 | 11916.42 | 3791.00 | 0.0026700 |   585  | -3567.00 | 0.0045000 |   396  | Correct
 345 | 11916.42 | 3791.00 | 0.0026700 |   585  | -6534.00 | 0.0007600 |   221  | Correct
 345 | 11916.42 | 3791.00 | 0.0026700 |   585  | -6534.00 | 0.0007600 |   398  | Correct
 345 | 11916.42 | 3791.00 | 0.0026700 |   585  | -6534.00 | 0.0041900 |   216  | Correct
 345 | 11916.42 | 3791.00 | 0.0026700 |   585  | -6534.00 | 0.0041900 |   385  | Correct
 345 | 11916.42 | 3791.00 | 0.0056700 |   597  | -3567.00 | 0.0001000 |   214  | Correct
 345 | 11916.42 | 3791.00 | 0.0056700 |   597  | -3567.00 | 0.0001000 |   392  | Correct
 345 | 11916.42 | 3791.00 | 0.0056700 |   597  | -3567.00 | 0.0042500 |   233  | Correct
 345 | 11916.42 | 3791.00 | 0.0056700 |   597  | -3567.00 | 0.0042500 |   396  | Correct
 345 | 11916.42 | 3791.00 | 0.0056700 |   597  | -6534.00 | 0.0006200 |   209  | Correct
 345 | 11916.42 | 3791.00 | 0.0056700 |   597  | -6534.00 | 0.0006200 |   387  | Correct
 345 | 11916.42 | 3791.00 | 0.0056700 |   597  | -6534.00 | 0.0045700 |   215  | Correct
 345 | 11916.42 | 3791.00 | 0.0056700 |   597  | -6534.00 | 0.0045700 |   383  | Correct
 345 | 11916.42 | 3791.00 | 0.0056700 |   586  | -3567.00 | 0.0008800 |   233  | Correct
 345 | 11916.42 | 3791.00 | 0.0056700 |   586  | -3567.00 | 0.0008800 |   404  | Correct
 345 | 11916.42 | 3791.00 | 0.0056700 |   586  | -3567.00 | 0.0041600 |   221  | Correct
 345 | 11916.42 | 3791.00 | 0.0056700 |   586  | -3567.00 | 0.0041600 |   406  | Correct
 345 | 11916.42 | 3791.00 | 0.0056700 |   586  | -6534.00 | 0.0004800 |   213  | Correct
 345 | 11916.42 | 3791.00 | 0.0056700 |   586  | -6534.00 | 0.0004800 |   396  | Correct
 345 | 11916.42 | 3791.00 | 0.0056700 |   586  | -6534.00 | 0.0042700 |   217  | Correct
 345 | 11916.42 | 3791.00 | 0.0056700 |   586  | -6534.00 | 0.0042700 |   371  | Correct

Overall Grade: A
